2.763
0.603
2.575
1.339
1.973
1.544
0.888
0.920
1.007
1.165
0.847
1.885
1.428
1.924
0.992
1.700
1.633
1.214
3.462
0.905
1.199
0.534
1.170
0.779
1.727
2.434
1.475
2.436
2.427
0.827
2.511
0.944
1.370
1.409
1.074
2.143
2.447
2.447
1.580
1.580
2.440
1.192
1.970
1.593
0.641
0.475
0.878
1.190
0.969
1.725
1.599
1.461
0.969
1.580
2.322
1.121
0.451
1.134
1.996
1.710
2.635
2.635
1.590
0.440
1.148
0.500
3.627
1.234
1.729
2.085
1.681
0.920
1.050
2.211
2.096
0.545
0.545
1.765
1.344
1.103
1.929
1.662
1.241
1.764
1.097
1.219
2.546
0.516
2.186
1.488
3.501
0.845
1.139
1.210
2.120
1.154
1.420
1.253
2.153
0.941
1.470
0.998
1.554
0.695
0.695
1.464
1.095
1.505
2.486
1.119
1.037
0.908
0.572
1.510
0.841
1.677
1.323
1.659
1.704
1.827
1.544
0.832
1.544
1.011
3.004
1.872
1.228
1.194
1.554
1.634
1.081
0.630
1.668
0.721
1.480
1.745
1.197
1.422
1.052
1.469
2.339
2.456
2.463
1.248
1.611
1.501
1.749
2.442
1.516
2.462
0.800
0.560
0.647
0.914
0.846
1.643
1.764
0.703
0.483
1.453
0.962
0.965
1.640
0.789
1.623
0.714
1.433
1.538
1.826
1.825
1.276
1.350
1.193
1.029
0.616
1.033
0.745
1.655
0.549
1.323
0.818
0.689
1.133
1.951
1.829
1.147
0.894
0.934
1.741
1.915
0.507
0.507
1.434
0.892
1.223
0.793
1.332
1.150
1.518
2.257
1.595
1.239
0.982
1.306
1.641
1.536
1.746
0.657
2.402
1.201
0.722
0.927
1.241
1.072
2.166
1.752
1.706
1.890
1.149
0.637
1.662
0.864
0.794
1.009
0.665
1.774
0.996
0.970
1.010
0.407
1.792
1.639
0.952
2.317
1.344
2.084
0.359
0.425
0.838
3.615
0.858
0.994
1.317
1.472
0.501
0.897
1.411
0.546
0.881
1.652
1.531
0.372
1.633
0.834
0.758
2.486
0.738
1.673
1.289
1.159
1.092
2.547
1.797
0.803
1.030
1.969
1.454
0.557
1.353
0.519
1.578
0.706
1.739
1.579
1.477
1.698
2.212
1.433
0.536
0.538
1.230
0.541
0.755
1.774
0.931
1.302
1.211
0.494
1.562
1.413
0.639
1.674
1.524
1.414
1.030
1.523
0.567
0.995
1.408
1.143
1.448
2.298
0.546
1.034
0.847
0.907
0.868
1.386
1.630
0.938
0.605
1.154
0.597
1.653
0.736
3.058
0.628
1.105
1.898
1.365
1.935
0.557
1.143
2.388
0.589
1.257
1.257
2.693
0.819
1.187
1.570
0.592
1.720
1.449
1.188
0.741
0.848
0.600
1.088
1.005
1.929
0.762
0.917
1.671
0.586
1.345
1.022
1.261
0.790
1.243
0.968
1.036
1.353
1.454
0.853
1.139
0.956
0.685
0.681
1.365
0.584
0.994
0.698
0.630
1.521
1.012
1.335
1.684
1.502
0.531
2.056
2.056
1.496
0.671
1.468
0.722
1.414
0.785
1.126
0.933
1.068
0.435
0.855
1.326
0.561
2.416
0.855
0.774
0.828
0.855
1.046
1.490
0.566
0.602
1.485
0.847
1.361
0.780
0.529
1.190
0.612
0.604
1.130
1.907
1.678
1.230
1.136
0.835
1.520
0.477
0.477
0.566
1.182
0.671
1.484
0.566
1.669
0.944
0.986
1.477
1.037
1.930
1.369
0.648
0.903
1.549
1.068
0.739
1.382
0.535
1.452
0.418
0.769
1.013
0.510
1.598
0.743
0.673
1.609
0.632
0.469
1.117
1.610
0.573
0.806
0.418
0.613
0.921
0.703
0.529
1.010
1.548
0.794
0.770
1.638
0.933
1.091
0.465
0.384
1.250
0.920
1.153
1.194
1.508
0.399
1.028
1.293
0.978
0.997
0.655
0.607
0.490
0.657
1.000
0.981
0.705
1.907
2.072
0.663
0.627
0.752
1.004
0.731
1.138
0.777
0.796
0.893
1.338
0.314
0.782
0.432
0.760
1.257
0.540
0.671
1.350
0.655
0.599
0.573
0.741
1.563
0.856
0.682
0.967
0.548
0.983
1.152
1.622
0.916
0.875
1.742
0.896
0.819
1.136
1.710
1.504
1.504
0.973
0.708
0.850
1.062
1.161
0.621
0.410
0.464
1.285
0.887
0.471
1.696
1.054
0.431
0.379
0.683
1.059
0.807
0.822
0.651
0.721
0.677
1.206
1.051
0.370
0.523
0.712
0.734
0.754
0.426
1.248
0.874
0.288
0.520
0.311
0.589
0.840
1.433
0.631
1.249
1.162
0.519
1.281
0.545
0.451
0.841
0.771
0.918
0.450
0.539
0.576
0.498
0.487
0.661
1.191
0.605
1.676
0.619
0.916
0.531
1.571
0.771
0.859
0.507
1.223
0.665
0.430
0.644
0.927
1.666
1.290
0.637
1.259
0.534
1.920
0.541
0.927
1.203
0.820
0.399
1.331
0.956
0.637
0.779
0.466
0.334
0.448
0.882
1.310
1.035
0.325
0.594
0.488
1.110
0.821
0.897
0.680
1.033
1.182
0.660
0.879
1.379
1.013
0.971
2.394
1.261
1.550
1.212
2.179
1.889
1.714
1.057
0.963
2.219
1.935
2.834
2.614
1.134
2.081
1.402
1.412
3.031
1.627
1.039
1.574
1.899
2.072
2.931
2.418
1.262
3.380
3.142
1.085
2.808
1.502
1.054
1.932
1.691
1.443
1.159
1.182
1.845
1.406
2.676
0.915
1.392
1.067
2.965
2.827
1.295
1.125
0.866
1.859
2.692
1.897
2.420
1.271
1.220
1.637
1.778
2.447
2.260
2.503
1.610
3.376
1.370
1.207
1.781
1.708
1.863
1.724
1.654
2.220
1.517
1.154
2.588
1.651
1.698
0.966
2.273
1.590
1.248
1.560
1.267
0.928
0.798
2.365
1.648
1.653
3.193
1.457
2.073
2.099
1.356
1.565
1.546
1.349
1.211
0.740
1.129
2.290
1.625
1.903
2.085
2.105
1.007
1.539
0.833
1.670
1.433
2.174
2.084
1.814
1.250
0.936
2.132
2.082
1.410
0.701
1.270
0.714
1.742
3.013
0.955
2.269
1.325
1.883
1.147
1.725
1.158
1.982
1.050
1.224
0.696
1.990
2.045
1.293
1.068
1.973
2.205
1.480
1.641
1.295
1.122
1.778
2.784
2.435
2.602
1.918
1.692
1.487
1.504
1.347
1.918
0.958
1.708
0.973
1.963
1.698
1.697
1.131
1.794
2.172
1.118
1.638
1.764
1.163
1.121
1.752
1.257
2.416
2.410
1.454
1.142
2.428
1.576
1.085
1.365
2.210
1.488
2.600
1.456
1.208
1.136
1.117
1.036
1.164
3.774
0.813
0.917
2.679
0.929
1.013
1.299
1.333
1.524
1.122
0.999
1.550
1.446
1.900
1.064
1.223
1.404
1.033
1.147
1.541
1.314
1.098
1.747
1.242
1.010
2.332
3.919
1.387
1.047
2.285
2.240
0.840
2.509
2.418
1.868
2.021
1.224
1.838
2.116
2.496
1.586
1.152
1.247
1.349
2.145
1.169
2.162
2.411
2.008
2.315
2.142
2.740
1.948
3.491
1.725
1.262
0.983
1.938
1.464
1.780
1.639
1.590
1.010
0.813
1.565
2.649
1.362
1.908
1.297
1.199
1.168
0.802
2.411
2.786
0.850
0.922
0.753
2.538
1.518
3.796
2.751
2.317
1.392
1.339
1.704
2.727
2.475
1.159
1.058
5.792
1.738
0.815
1.762
1.946
1.743
1.577
1.645
1.399
1.683
1.500
1.164
1.794
2.042
1.273
1.550
1.392
1.146
1.860
0.990
1.117
0.904
1.548
0.592
3.017
2.111
2.338
0.973
1.383
1.659
1.930
2.264
2.622
1.048
2.016
1.430